0-100
[36, 44, 24, 5, 50, 38, 6, 43, 32, 40, 50, 26, 21, 39, 19, 49, 22, 1, 8, 48, 20, 40, 1, 14, 43, 4, 9, 24, 39, 7, 9, 45, 17, 3, 47, 30, 11, 6, 4, 15, 34, 43, 17, 48, 0, 9, 16, 49, 39, 36, 21, 30, 2, 4, 25, 19, 43, 11, 14, 22, 43, 1, 49, 3, 44, 14, 1, 1, 37, 1, 35, 28, 4, 6, 8, 6, 0, 2, 35, 0, 47, 24, 7, 13, 10, 12, 1, 7, 9, 1, 24, 16, 10, 13, 18, 2, 25, 47, 24, 2]
100-200
[46, 45, 31, 12, 38, 39, 21, 46, 5, 46, 30, 18, 50, 48, 19, 11, 21, 31, 5, 5, 46, 0, 7, 10, 1, 50, 39, 11, 27, 31, 5, 50, 29, 20, 41, 48, 30, 35, 3, 7, 1, 14, 1, 5, 30, 34, 1, 4, 45, 0, 28, 13, 18, 1, 10, 27, 27, 25, 0, 1, 38, 14, 11, 34, 42, 2, 9, 8, 49, 17, 30, 50, 0, 13, 2, 44, 2, 44, 38, 27, 5, 1, 2, 7, 22, 12, 29, 33, 18, 16, 2, 1, 18, 39, 35, 44, 45, 19, 6, 31]
200-300
[49, 46, 49, 49, 28, 34, 5, 49, 9, 24, 49, 16, 42, 26, 22, 9, 49, 7, 1, 33, 48, 0, 4, 12, 46, 1, 12, 3, 36, 17, 13, 1, 24, 9, 21, 39, 13, 27, 14, 11, 3, 10, 21, 8, 34, 0, 19, 1, 17, 3, 9, 3, 14, 10, 31, 39, 4, 30, 18, 2, 4, 32, 6, 27, 9, 1, 6, 1, 17, 33, 10, 1, 2, 44, 41, 14, 2, 2, 3, 0, 10, 36, 0, 12, 13, 41, 26, 0, 16, 4, 27, 4, 46, 29, 28, 1, 39, 36, 14, 1]
300-400
[25, 47, 48, 37, 47, 30, 38, 48, 50, 29, 1, 32, 4, 45, 19, 48, 48, 7, 24, 31, 40, 21, 26, 0, 15, 15, 0, 49, 43, 6, 7, 34, 15, 15, 43, 9, 34, 23, 49, 17, 20, 11, 49, 13, 5, 0, 45, 10, 4, 10, 36, 19, 1, 1, 37, 6, 6, 1, 41, 28, 1, 1, 47, 4, 42, 23, 7, 31, 15, 2, 3, 9, 42, 10, 18, 28, 5, 49, 1, 13, 17, 1, 0, 21, 14, 39, 47, 12, 4, 1, 12, 1, 1, 38, 11, 31, 49, 2, 22, 0]
400-500
[50, 50, 20, 6, 5, 6, 27, 1, 49, 3, 48, 34, 17, 26, 7, 46, 10, 6, 21, 42, 0, 1, 3, 38, 31, 9, 1, 32, 23, 3, 3, 2, 22, 3, 2, 1, 23, 13, 2, 43, 9, 2, 4, 4, 4, 38, 6, 2, 4, 0, 9, 5, 28, 4, 11, 4, 10, 45, 41, 12, 15, 16, 17, 4, 1, 19, 7, 1, 33, 9, 42, 2, 0, 37, 50, 14, 0, 3, 10, 12, 48, 3, 1, 33, 2, 4, 8, 48, 1, 2, 1, 7, 1, 6, 13, 0, 2, 2, 0, 40]
500-600
[46, 27, 14, 46, 24, 10, 25, 20, 1, 6, 29, 13, 34, 44, 6, 41, 22, 30, 37, 37, 6, 49, 1, 0, 1, 18, 38, 40, 44, 44, 1, 18, 19, 8, 45, 8, 26, 4, 41, 41, 37, 1, 1, 27, 5, 10, 1, 34, 41, 2, 36, 2, 27, 11, 2, 41, 10, 1, 22, 11, 1, 17, 1, 4, 12, 25, 7, 14, 28, 4, 18, 1, 9, 7, 3, 1, 31, 41, 1, 2, 0, 29, 1, 23, 8, 8, 4, 24, 1, 1, 3, 10, 15, 14, 11, 1, 1, 8, 16, 1]
600-700
[50, 48, 45, 43, 49, 3, 43, 49, 5, 22, 1, 30, 17, 0, 39, 34, 15, 42, 6, 47, 11, 4, 30, 43, 42, 31, 33, 3, 45, 10, 14, 9, 47, 10, 4, 27, 14, 4, 21, 37, 3, 8, 2, 48, 36, 33, 3, 1, 32, 8, 6, 2, 2, 4, 7, 0, 42, 23, 47, 18, 3, 0, 34, 45, 7, 0, 47, 24, 45, 7, 46, 38, 1, 0, 48, 0, 0, 2, 4, 26, 2, 30, 21, 3, 24, 8, 3, 1, 2, 4, 22, 35, 17, 0, 3, 46, 45, 3, 4, 20]
700-800
[37, 6, 24, 19, 21, 7, 41, 2, 1, 44, 9, 3, 8, 24, 24, 39, 5, 4, 10, 15, 24, 29, 2, 17, 23, 6, 32, 16, 31, 7, 19, 14, 15, 2, 7, 1, 2, 0, 21, 13, 23, 10, 20, 21, 1, 20, 15, 8, 7, 16, 2, 0, 4, 26, 4, 3, 0, 2, 36, 1, 20, 0, 10, 11, 4, 8, 19, 16, 0, 30, 11, 39, 2, 5, 22, 20, 2, 49, 5, 29, 3, 2, 8, 6, 4, 27, 8, 2, 1, 1, 1, 5, 4, 6, 14, 36, 0, 22, 6, 1]
800-900
[49, 9, 2, 5, 6, 6, 27, 36, 19, 50, 1, 20, 35, 2, 36, 13, 0, 9, 4, 2, 36, 4, 5, 5, 46, 2, 6, 1, 36, 26, 2, 1, 1, 7, 2, 34, 5, 10, 7, 1, 3, 3, 1, 2, 1, 1, 8, 11, 0, 0, 18, 6, 2, 34, 7, 7, 1, 0, 25, 3, 4, 1, 13, 9, 41, 6, 0, 1, 3, 3, 0, 3, 3, 13, 11, 10, 0, 1, 5, 7, 0, 12, 1, 1, 29, 1, 3, 0, 1, 0, 7, 17, 5, 0, 1, 7, 25, 0, 1, 1]
900-1000
[49, 46, 47, 49, 39, 12, 48, 48, 14, 48, 22, 50, 47, 50, 48, 3, 31, 48, 23, 2, 50, 5, 47, 8, 47, 1, 20, 43, 45, 22, 20, 45, 47, 15, 49, 14, 47, 8, 9, 47, 50, 19, 14, 45, 7, 7, 50, 6, 35, 0, 12, 4, 47, 8, 45, 16, 50, 44, 27, 4, 39, 2, 39, 1, 40, 6, 30, 24, 6, 16, 20, 5, 3, 7, 0, 0, 46, 34, 3, 2, 25, 3, 14, 10, 10, 0, 23, 36, 48, 21, 31, 4, 6, 20, 13, 21, 29, 0, 12, 14]
1000-1100
[50, 50, 41, 6, 48, 24, 13, 47, 49, 43, 43, 46, 6, 7, 21, 17, 4, 5, 23, 7, 18, 3, 8, 49, 25, 1, 46, 48, 7, 25, 4, 0, 49, 0, 24, 13, 39, 44, 5, 15, 4, 2, 27, 25, 26, 2, 36, 2, 14, 48, 31, 26, 18, 1, 46, 21, 7, 19, 1, 46, 0, 8, 1, 11, 49, 37, 0, 2, 0, 4, 10, 4, 16, 13, 7, 18, 11, 5, 34, 22, 11, 0, 34, 21, 3, 33, 5, 5, 24, 8, 1, 10, 45, 15, 43, 15, 2, 12, 0, 5]
1100-1200
[35, 36, 2, 48, 47, 8, 34, 47, 45, 45, 20, 41, 49, 0, 42, 13, 16, 25, 49, 46, 2, 17, 50, 1, 49, 0, 29, 22, 24, 43, 9, 5, 44, 5, 17, 18, 18, 10, 40, 40, 31, 34, 37, 1, 2, 0, 26, 0, 14, 2, 7, 18, 5, 43, 1, 28, 9, 46, 39, 7, 10, 4, 0, 20, 50, 6, 23, 27, 11, 3, 1, 41, 13, 4, 3, 10, 1, 5, 21, 7, 23, 42, 9, 45, 40, 27, 1, 7, 7, 3, 4, 49, 32, 11, 42, 7, 2, 1, 39, 7]
1200-1300
[30, 44, 10, 26, 17, 21, 37, 50, 4, 26, 21, 26, 43, 0, 1, 1, 46, 21, 6, 8, 0, 8, 23, 49, 1, 12, 4, 10, 50, 30, 49, 8, 46, 42, 50, 1, 18, 47, 37, 1, 24, 35, 16, 47, 21, 38, 39, 29, 21, 49, 42, 37, 49, 48, 12, 26, 1, 4, 42, 6, 21, 36, 39, 22, 15, 8, 20, 1, 2, 43, 10, 19, 18, 2, 12, 19, 6, 25, 29, 42, 5, 1, 2, 5, 44, 10, 1, 0, 19, 17, 28, 38, 1, 41, 46, 16, 1, 35, 50, 2]
1300-1400
[45, 50, 7, 37, 10, 2, 42, 43, 7, 35, 17, 30, 45, 19, 46, 6, 19, 3, 47, 46, 24, 1, 5, 48, 49, 45, 12, 6, 17, 16, 44, 50, 1, 3, 22, 35, 28, 4, 4, 5, 26, 22, 3, 18, 26, 14, 6, 12, 9, 11, 37, 0, 10, 6, 1, 0, 26, 32, 7, 11, 10, 7, 15, 20, 7, 6, 13, 0, 2, 0, 9, 1, 5, 0, 3, 26, 28, 1, 2, 25, 1, 0, 8, 11, 2, 20, 6, 1, 13, 14, 12, 26, 6, 13, 6, 22, 3, 33, 0, 1]
1400-1500
[50, 47, 21, 45, 46, 14, 19, 4, 26, 47, 14, 1, 9, 44, 32, 0, 13, 4, 1, 11, 10, 9, 17, 4, 5, 20, 14, 23, 2, 23, 8, 24, 17, 18, 23, 32, 14, 2, 0, 6, 3, 7, 1, 1, 3, 6, 2, 5, 41, 13, 20, 1, 4, 2, 4, 18, 1, 40, 0, 2, 7, 4, 4, 1, 18, 0, 7, 1, 16, 20, 10, 5, 0, 40, 4, 6, 0, 0, 2, 8, 0, 6, 3, 3, 8, 8, 0, 1, 4, 3, 3, 32, 5, 3, 13, 22, 1, 5, 16, 1]
1500-1600
[50, 5, 31, 48, 18, 15, 46, 49, 29, 0, 1, 39, 0, 15, 30, 46, 17, 6, 3, 7, 2, 4, 11, 1, 47, 26, 1, 43, 1, 22, 19, 44, 8, 6, 12, 6, 23, 27, 46, 46, 33, 40, 1, 0, 17, 45, 6, 1, 43, 41, 5, 0, 2, 40, 3, 3, 23, 21, 28, 17, 15, 23, 8, 8, 4, 13, 12, 3, 0, 11, 19, 12, 29, 20, 12, 5, 44, 4, 7, 7, 34, 14, 23, 47, 10, 15, 31, 4, 2, 5, 18, 20, 13, 7, 3, 2, 15, 19, 17, 9]
1600-1700
[47, 30, 6, 48, 17, 2, 15, 4, 19, 9, 34, 41, 1, 23, 6, 18, 4, 6, 11, 1, 5, 0, 6, 0, 1, 14, 2, 0, 0, 2, 0, 2, 0, 6, 0, 6, 0, 0, 12, 9, 0, 1, 11, 2, 2, 14, 0, 4, 0, 0, 1, 0, 0, 0, 4, 1, 0, 1, 3, 1, 0, 0, 0, 0, 0, 0, 2, 0, 0, 0, 0, 0, 0, 0, 0, 0, 0, 0, 0, 0, 0, 0, 0, 0, 0, 0, 0, 0, 0, 1, 0, 0, 0, 0, 0, 0, 0, 0, 0, 0]
1700-1800
[45, 46, 49, 16, 0, 28, 33, 5, 5, 2, 23, 24, 1, 23, 26, 44, 3, 42, 46, 50, 49, 8, 41, 49, 9, 5, 17, 5, 6, 21, 0, 4, 2, 6, 23, 19, 45, 42, 8, 16, 20, 16, 41, 0, 36, 29, 46, 16, 0, 18, 1, 7, 16, 2, 0, 45, 14, 47, 6, 3, 46, 1, 23, 10, 10, 1, 9, 3, 4, 2, 40, 1, 15, 20, 38, 10, 18, 0, 48, 0, 39, 33, 1, 20, 5, 32, 27, 2, 15, 0, 19, 7, 1, 24, 10, 1, 4, 7, 1, 0]
1800-1900
[50, 48, 50, 46, 48, 48, 44, 6, 10, 31, 41, 44, 50, 16, 43, 16, 48, 27, 6, 9, 50, 49, 34, 5, 42, 30, 3, 50, 46, 47, 45, 17, 9, 42, 33, 15, 18, 11, 44, 46, 11, 16, 29, 10, 38, 23, 25, 33, 0, 35, 3, 44, 23, 26, 13, 47, 27, 28, 30, 29, 22, 5, 30, 3, 6, 3, 0, 18, 11, 1, 42, 0, 43, 32, 45, 2, 45, 19, 8, 46, 44, 13, 9, 21, 2, 10, 11, 21, 27, 4, 0, 13, 18, 14, 1, 7, 2, 0, 18, 15]
1900-2000
[49, 38, 16, 24, 28, 50, 6, 48, 47, 42, 12, 41, 49, 38, 28, 0, 24, 20, 43, 45, 48, 2, 22, 41, 1, 45, 7, 13, 22, 40, 5, 17, 4, 9, 43, 49, 2, 19, 4, 16, 23, 43, 14, 1, 6, 26, 38, 18, 47, 42, 30, 44, 2, 45, 4, 45, 50, 44, 1, 42, 46, 48, 14, 7, 10, 19, 19, 36, 4, 43, 5, 19, 3, 1, 7, 27, 19, 45, 12, 38, 49, 47, 28, 49, 43, 30, 6, 32, 10, 14, 2, 0, 24, 21, 31, 46, 27, 5, 2, 12]
2000-2100
[48, 23, 48, 30, 38, 15, 4, 3, 29, 0, 5, 2, 33, 0, 31, 0, 1, 4, 7, 5, 1, 35, 0, 0, 3, 1, 0, 6, 3, 11, 2, 20, 4, 0, 1, 0, 1, 19, 0, 0, 3, 1, 2, 8, 10, 5, 2, 0, 0, 4, 17, 1, 0, 27, 0, 37, 9, 0, 2, 1, 0, 0, 1, 4, 11, 1, 0, 0, 6, 0, 7, 20, 0, 1, 0, 15, 3, 0, 1, 29, 1, 0, 2, 2, 0, 1, 0, 0, 1, 1, 2, 6, 2, 1, 2, 1, 3, 0, 1, 2]
2100-2200
2200-2300
2300-2400
2400-2500
2500-2600
2600-2700
2700-2800
2800-2900
2900-3000
3000-3100
3100-3200
3200-3300
3300-3400
3400-3500
3500-3600
3600-3700
3700-3800
3800-3900
3900-4000
4000-4100
4100-4200
4200-4300
4300-4400
4400-4500
4500-4600
4600-4700
4700-4800
4800-4900
4900-5000
5000-5100
5100-5200
5200-5300
5300-5400
5400-5500
5500-5600
5600-5700
5700-5800
5800-5900
5900-6000
6000-6100
6100-6200
6200-6300
6300-6400
6400-6500
6500-6600
6600-6700
6700-6800
6800-6900
6900-7000
7000-7100
7100-7200
7200-7300
7300-7400
7400-7500
7500-7600
7600-7700
7700-7800